44 100
1 21 927 73
16 44 694 849
1 2 406 6
2 14 728 322
1 3 36 222
3 12 890 165
1 4 160 143
4 40 819 47
2 5 593 910
5 8 23 641
3 6 726 737
6 14 443 402
3 7 95 358
7 42 972 218
6 8 530 802
8 34 440 544
5 9 687 339
9 16 715 86
2 10 155 373
10 15 492 584
7 11 417 889
11 36 350 928
1 12 908 993
12 28 287 596
8 13 871 558
13 14 956 30
11 14 910 419
14 39 243 268
3 15 266 47
15 42 463 134
5 16 264 102
16 25 440 674
11 17 546 297
17 24 512 771
1 18 244 673
18 34 416 230
15 19 177 360
19 30 713 355
2 20 836 112
20 21 795 698
15 21 80 418
21 39 809 820
13 22 384 537
22 41 850 302
14 23 887 492
23 34 10 97
17 24 833 840
24 40 367 804
3 25 344 387
25 30 853 137
14 26 521 10
26 35 738 924
21 27 636 171
27 42 459 311
3 28 735 468
28 43 293 344
11 29 716 195
29 32 773 434
8 30 118 155
30 37 160 592
5 31 168 726
31 41 515 165
26 32 222 709
32 37 829 887
19 33 538 969
33 38 352 566
19 34 376 406
34 40 316 714
28 35 963 779
35 43 988 275
9 36 14 179
36 39 119 679
8 37 427 903
37 42 960 679
16 38 767 258
38 40 758 146
8 39 236 859
39 44 804 705
29 40 30 255
40 43 658 489
14 41 735 20
41 42 315 293
20 42 427 39
42 43 157 497
3 43 708 255
43 44 245 39
7 28 554 179
13 23 14 944
6 11 6 800
29 26 307 821
35 40 776 925
22 4 241 405
43 32 880 905
32 44 357 699
22 42 743 358
19 44 809 519
3 33 254 710
29 25 320 605
31 16 947 310
25 20 908 324
