1000
1 2
1 3
1 4
3 5
4 6
1 7
7 8
5 9
9 10
3 11
8 12
4 13
10 14
3 15
15 16
13 17
8 18
12 19
12 20
3 21
21 22
17 23
1 24
12 25
17 26
17 27
19 28
9 29
14 30
19 31
18 32
17 33
15 34
21 35
11 36
17 37
20 38
13 39
37 40
1 41
39 42
33 43
6 44
27 45
43 46
3 47
30 48
13 49
49 50
6 51
1 52
45 53
33 54
8 55
31 56
39 57
31 58
38 59
26 60
24 61
25 62
22 63
10 64
63 65
51 66
8 67
60 68
47 69
1 70
39 71
3 72
9 73
39 74
38 75
36 76
67 77
57 78
55 79
76 80
38 81
66 82
63 83
43 84
7 85
14 86
85 87
78 88
11 89
28 90
18 91
38 92
80 93
55 94
77 95
57 96
87 97
77 98
65 99
12 100
51 101
44 102
69 103
16 104
81 105
71 106
97 107
19 108
82 109
64 110
101 111
38 112
52 113
47 114
98 115
60 116
105 117
111 118
33 119
54 120
59 121
23 122
45 123
103 124
30 125
79 126
84 127
71 128
85 129
73 130
11 131
57 132
13 133
117 134
110 135
121 136
97 137
107 138
46 139
46 140
129 141
72 142
39 143
93 144
83 145
137 146
139 147
76 148
11 149
97 150
141 151
100 152
73 153
100 154
89 155
155 156
72 157
131 158
38 159
25 160
127 161
146 162
89 163
139 164
91 165
36 166
107 167
50 168
139 169
111 170
11 171
37 172
15 173
157 174
23 175
139 176
17 177
126 178
20 179
16 180
175 181
42 182
9 183
125 184
61 185
21 186
85 187
54 188
82 189
151 190
155 191
177 192
31 193
37 194
5 195
11 196
50 197
11 198
73 199
66 200
14 201
19 202
105 203
4 204
139 205
145 206
171 207
69 208
121 209
102 210
163 211
127 212
193 213
80 214
151 215
116 216
73 217
148 218
133 219
89 220
133 221
218 222
157 223
159 224
55 225
110 226
31 227
111 228
201 229
228 230
163 231
57 232
227 233
171 234
136 235
37 236
43 237
61 238
165 239
16 240
100 241
97 242
14 243
112 244
103 245
209 246
19 247
54 248
90 249
233 250
110 251
217 252
113 253
207 254
215 255
136 256
197 257
62 258
90 259
64 260
227 261
169 262
60 263
195 264
158 265
196 266
3 267
46 268
249 269
255 270
87 271
43 272
137 273
22 274
159 275
233 276
67 277
212 278
221 279
69 280
7 281
215 282
265 283
7 284
51 285
91 286
40 287
85 288
233 289
167 290
52 291
148 292
50 293
117 294
91 295
154 296
99 297
27 298
168 299
156 300
145 301
89 302
133 303
242 304
169 305
60 306
95 307
146 308
1 309
174 310
102 311
306 312
157 313
138 314
307 315
280 316
310 317
230 318
4 319
204 320
257 321
50 322
147 323
175 324
192 325
229 326
22 327
260 328
69 329
165 330
183 331
58 332
154 333
280 334
297 335
87 336
253 337
285 338
227 339
46 340
256 341
298 342
127 343
54 344
157 345
130 346
15 347
264 348
101 349
273 350
200 351
334 352
92 353
234 354
287 355
352 356
137 357
343 358
331 359
294 360
334 361
93 362
159 363
100 364
175 365
331 366
220 367
325 368
48 369
337 370
69 371
163 372
304 373
66 374
109 375
232 376
25 377
8 378
376 379
333 380
61 381
241 382
201 383
152 384
115 385
177 386
344 387
1 388
381 389
9 390
226 391
56 392
9 393
223 394
360 395
36 396
292 397
349 398
34 399
154 400
205 401
197 402
385 403
109 404
192 405
236 406
16 407
119 408
379 409
181 410
201 411
291 412
259 413
4 414
24 415
185 416
119 417
271 418
253 419
62 420
78 421
240 422
259 423
413 424
351 425
256 426
213 427
306 428
170 429
209 430
25 431
287 432
97 433
426 434
373 435
75 436
301 437
195 438
15 439
390 440
219 441
319 442
409 443
256 444
343 445
256 446
1 447
402 448
422 449
384 450
11 451
323 452
153 453
17 454
373 455
240 456
150 457
32 458
270 459
296 460
417 461
280 462
181 463
249 464
347 465
31 466
186 467
37 468
437 469
262 470
223 471
194 472
339 473
144 474
313 475
321 476
327 477
298 478
295 479
62 480
445 481
480 482
413 483
26 484
478 485
481 486
327 487
116 488
93 489
358 490
379 491
399 492
134 493
184 494
258 495
425 496
168 497
104 498
451 499
272 500
261 501
105 502
101 503
76 504
339 505
436 506
97 507
34 508
131 509
274 510
316 511
97 512
346 513
278 514
151 515
456 516
229 517
190 518
416 519
191 520
281 521
139 522
283 523
433 524
321 525
45 526
149 527
127 528
293 529
49 530
103 531
82 532
107 533
292 534
1 535
331 536
320 537
208 538
335 539
308 540
221 541
394 542
115 543
328 544
309 545
441 546
469 547
156 548
393 549
385 550
527 551
129 552
210 553
268 554
543 555
406 556
101 557
433 558
142 559
400 560
48 561
310 562
86 563
510 564
187 565
309 566
1 567
303 568
161 569
449 570
291 571
549 572
544 573
42 574
210 575
451 576
549 577
462 578
43 579
452 580
511 581
91 582
269 583
209 584
421 585
166 586
492 587
352 588
22 589
461 590
23 591
19 592
159 593
212 594
67 595
431 596
278 597
423 598
57 599
269 600
211 601
466 602
259 603
191 604
415 605
372 606
544 607
143 608
253 609
78 610
51 611
13 612
24 613
188 614
93 615
5 616
133 617
132 618
291 619
564 620
403 621
475 622
181 623
402 624
277 625
279 626
226 627
103 628
251 629
505 630
355 631
78 632
464 633
300 634
453 635
288 636
547 637
264 638
633 639
20 640
267 641
404 642
234 643
607 644
37 645
44 646
474 647
240 648
380 649
406 650
397 651
155 652
493 653
382 654
331 655
591 656
639 657
46 658
446 659
635 660
453 661
353 662
57 663
598 664
39 665
618 666
379 667
657 668
399 669
502 670
451 671
186 672
521 673
72 674
537 675
595 676
182 677
500 678
637 679
637 680
489 681
223 682
207 683
125 684
46 685
186 686
575 687
418 688
271 689
87 690
541 691
345 692
249 693
541 694
451 695
398 696
1 697
164 698
106 699
184 700
405 701
386 702
87 703
695 704
257 705
190 706
57 707
174 708
139 709
467 710
629 711
529 712
64 713
51 714
399 715
355 716
85 717
637 718
103 719
541 720
260 721
533 722
491 723
221 724
595 725
651 726
243 727
138 728
236 729
340 730
213 731
373 732
660 733
694 734
725 735
211 736
625 737
374 738
159 739
311 740
465 741
131 742
267 743
256 744
73 745
732 746
89 747
61 748
544 749
230 750
676 751
57 752
717 753
354 754
466 755
483 756
679 757
142 758
161 759
622 760
603 761
482 762
733 763
109 764
5 765
226 766
619 767
24 768
619 769
411 770
181 771
496 772
80 773
8 774
194 775
126 776
217 777
43 778
703 779
332 780
313 781
22 782
523 783
622 784
113 785
413 786
586 787
83 788
345 789
481 790
426 791
291 792
153 793
494 794
781 795
673 796
297 797
304 798
329 799
471 800
247 801
639 802
411 803
38 804
637 805
363 806
354 807
111 808
560 809
42 810
325 811
750 812
171 813
180 814
613 815
767 816
47 817
480 818
79 819
320 820
227 821
596 822
325 823
130 824
115 825
219 826
492 827
269 828
805 829
138 830
311 831
756 832
437 833
75 834
598 835
260 836
87 837
217 838
387 839
243 840
667 841
637 842
453 843
115 844
592 845
282 846
647 847
532 848
625 849
172 850
661 851
725 852
709 853
748 854
384 855
65 856
493 857
715 858
188 859
640 860
309 861
622 862
189 863
86 864
655 865
346 866
457 867
481 868
503 869
630 870
667 871
854 872
221 873
337 874
252 875
45 876
365 877
675 878
275 879
431 880
486 881
244 882
721 883
209 884
65 885
451 886
496 887
370 888
289 889
225 890
421 891
241 892
571 893
163 894
708 895
176 896
121 897
550 898
139 899
511 900
805 901
486 902
547 903
248 904
641 905
516 906
4 907
555 908
477 909
766 910
113 911
725 912
511 913
250 914
455 915
839 916
434 917
293 918
585 919
762 920
241 921
220 922
623 923
780 924
438 925
238 926
383 927
154 928
479 929
339 930
481 931
926 932
858 933
624 934
83 935
76 936
217 937
649 938
120 939
81 940
197 941
824 942
801 943
813 944
933 945
334 946
495 947
918 948
271 949
896 950
518 951
574 952
801 953
320 954
349 955
441 956
385 957
787 958
882 959
843 960
686 961
502 962
735 963
304 964
141 965
488 966
617 967
364 968
633 969
964 970
965 971
507 972
61 973
21 974
237 975
598 976
621 977
814 978
541 979
395 980
301 981
848 982
953 983
457 984
65 985
759 986
234 987
503 988
331 989
698 990
639 991
733 992
492 993
713 994
500 995
644 996
589 997
779 998
937 999
300 1000
